
0101111110111011100110000101100000000010011011011010111100000011011011101011011000010100001110100111010110001110001100011100000100100011100100000000100101000100001100000111100010010101000010010000110011110111000011011111000100110100001000100001111110001110100010000010001110111010100111100110011101100011001011111010000011010001000001111111100101010000010111000001111000000110101101010001010010000110

0110010011110001000100111100000001001000011101010111011001100011111101000101101011101111011010111100001100010001011100010000110001000000111010101110000000001100100010000010111111100110001100010011001001100100110101011010011100110100011011100111010000001010001010011011101001111111010000010010101011000111001000100111001000001010011101011101100010110101000011000101011011101011010010110000101000100010

1110111110000101000010101100011100011001000010111100011011000000110100100001011000000010011001110110100110110001011100010000111001000000111100001100100011011000101111001101111000100011000000100101010001011011110011011101011001100010000000000010110011101010001010010000100011111111011000010001101011000001010000001010011110010011000111100101110001001111101110111001001000111010010110001010111000100010

0010000011110101011010010001011101101111001101010100001001111110101100110110001111000011100101101111110000101010110000110011111110111111101110011100111011011111010100000010000001000001100001101101000001001100010001111101011101011001101101011100001000001010001001011011000010111111010000011110111101100011101001100110111000101011011001111010110101101010111111001111100110001001001100100000101111000100

0100101111000010011010101001000111110100000010000010001001100001110110000010110010000000011110110101011101111001011110001001001011101010101010100100001010001001000100001101010001100111000000011100000011001110001010101010011111100101010001100100010101110000011010011011011111001111000010110010101011000011001001100100111100001100100111010001111100101010111111111110110011001111101010000001110100000010

0011000010000011110110101111010000001011000101010000110111001100011101010100111110000000011110110101011101111001011110001001001011111010101010100001010111000001101110000001000001000001100000001010101000000001010011100000100101001111001111011001010010111110111100100100010010111111110000010000101010001000010111010111111100001100100110110001111100110111100110111000010101000101000010000000000100000100

1011101000001100011000110101100001101010000101010000011001000001100011001111101110111110001000111101011101010001101010111000001111100100001000101001010111000001001001100100000000100000100000010100001011011100010001111101000111001001100101010111110100010011101100010000101101001101001000010001101110000011011110111110111110011000100110010001110100101100101101100011110001110100111010100011001101001100

1010101111010011101010010000110111000011000001010001100100111000000111010111010011100111111101100011110000011101101110000100111111100101010111110001000100010000000001111100000000000000100000010100001011011100010001110000111101100100001001111111010110110000001100111000101100011100010000010001101011001100000111001110011000000100001101111011011110010111100110110010110001001001001000000101111111100100

1100101000011100011010110001110110001110000100000101100010101100011101010110010010110000101000101100001001110001111100010010001001111011011000100001000100011010010011100100000000000000100000010100001011001100001011110000111101001110111111111111101010110000011100111000100110110001110010011001011010000000010111010111111010101000111001101010110101001010111010110010110000100010010011100001000011100010

1100101011111000000001000101010001111111111100101101010000111011001111000100100111100001111101011101011101001000111001000100100110110001011011110001010100000000000001001100000000000111001000001010000011011111001111011101001101101101101111010011110010000010011000010000000110101111110000011101100011001000010110000111111100011000111001111011110111001010100110110110011000100011110111000000101011101010

1111001100000011100000110011111001101100011100100001001111101110011101010111001010000101011100111100101100110110011000111001001101011000101111110001111000000001001101000000000000100111000100000000100011000110110101101000010011101101101111110110111011111000001010011100001001011101011000010011101011000001000111000111101111101011101100111110110101001010101011011010011101000101001011000011011101000000

0000111000010011100010010000110111001110100100010000001111101101110111010001100111101100011111111011100000010001000110001010000010011000110111110000100000000101010101100000100001100011001100111000001011000010010110100011101111001010111101010000110000001010011111011000100001011110001100010001101011001000010111000111111100011000111000101011110111101010100110111010111000111000111111000101010001001000

0000101000011001000100111010010001111100011000101001110111011011001010010111001110111111101111111111000101000000100000011000011100111000111100100000000100001001000101010111011000100000000000001101001011000111100001001011100011001100010000010010110100001001011111011100100000100101011101110101001011001001010010000111111100001011010011101111110101001010100000110000101001001010101111000001100001001000

1011001111111010001000010000110101101100001100110110110111101100001000000100010011000110101111011111010101110100101011000000101000110011111110110000001111010001001100000100000000110000000000010000001001001111101001100101001111001110011001010010110000001000011101011100100011011111101000011001100010101100011010000111111101001101100111101111110111001010000111111001110100100000000111001000010000001100

1010111101000111100100101000110111101100010001100101001111111110011001000000001011101100110101011101010101010001000000011001011111010000111111110001100100000001000100000100000000100000000000000000000001011111000110001001100001111100100000011110110000001010001110011101001100110011101000011001100010100011010111010111011000101101100111101011111001101110100000111010010100110011110110000110001010000000

1101111011000000001011101100001100110100100001100101001111101100001000110000100000001111101111011111110001110111000000100000001110111001010010010001001100011100000110010101011100010000101000000001100001001111010101101000111101001010111111010010110100010010001001011101001100101111101101110001110111000001010111010110111110111101100111101001110111000010101011011000010100110011111111000101000000000100

1101101010001101110101101100000001111100111000100001010101101011101011010101001001101100110101011011011000010000110010101001000101111000001000110001000101001000000100000100000000100000000000010000011001011110000110011001100010110100100110010000110111110010100011001000101101011011010101110101101101001000010111000111010100111101001001101111111101001100110110110010110000100010100010101000110001101000

0100000011101011000100110110000001111110101101110000110011101101001000000100000010001110111001110111011100110100010110100000001000011001111001110001000110111000000100011000001101100000000000010100101000100111110111011101100001111101100110011000110111110010100011011100001100110011101100000111101011001111100000000111111101011010101101101011110101001010100111011001111100111111100001100010100001001010

0111110111101011011100010001100001100100111000101001101111100001100111000101011010101110111101111101010100111100000010000000100001011000101001100011100100101001000000110000001000100000000000011100000001011101100111100011100010110110100001010011110101000011100101001001100100110111111000011001101001001010011110000101110100000101111101001000110001001010101110000001011100001100100111100011110000000100

0011110001000101110100000101000111001000000101100111010111100100101100111100011010000011011111111101000101110101001010100011001100010001111001110001000110111000000100011000000000100000000000010000000011011011110111100111101111000010001000010010110100000010100101011101001101111111110000010000101011001110110111000011111100111101010110101000111001101110101110110000001010001100100110100010100000001100

1111110111000101010100001101001111101111010111010111110110100101011101000001001010000111101101001111011111110000111000101000000101010100111011110000011100110011000100010100000000000000000000010000000001100101110111100111111101010010000000011110111110111000001101011011101110110111001001011001000011000001100111000111110101111101100111011000110001000100101111110001111011000000110101000010000000001000

0110111000000000100100011011101001111100000011100111000101101100001110111100011010000010111111111111011101100101001010000011001101111000101100101110100100010001001010011010000100100100000000010000000011011011000010110111101100011010101000010011110110110011100101011101000010111111001000110001000010101110110111000111111101011011000001011011110101001011100111010101010100110010111111101110101000000000

1010111000001000011100010000100101001110010101100111000111101101011110111010001110000000111111111111110100101110001100100011000101010100101100110000100100101001000010100100000000100010100000000000011000010111010110111011101010010010101001011110100101000011111001011101111101111111001000011001101010111110110101001011010100000001101101100100101101100010101110010100001100111011101101101101111000000000

1000111010000001110101100000000100101000010111100111100111101101001110110010111000010010101111111101000101111111111100000011001101111000001110101110100101001001000000101000000000100000000000000000000000011111000110111001100111110100101101111011111000010010001000011000101110110111001011011001101010001001110110100111111101001101001001010000110001101010100111010010001111101100000110100010111000000000

1100000101000101100100000000011101111000110111010111100110101101100011011110011010010110111101111110110101100111100010001000100001001000001100100001100110000000000010001000000100100000000000010000000011001011110111100011000010010100101011011000110000110011101001011100001101111111010000011011101011011001100111101110010100110101111110100110010111010000100111011100100100100010111110101110010001100010

1010111111001001101100010000100101001110011110000110000111111001001110110010111011110110101110110011011000000101101000001001001011111000011100110001000100100000000000101000010000100110000000101000000000111111000110111001000111110100010101010010000100000010001001001000010111111111000001011001101011011000000110001011111010001100110110100000001001100010101110010000011001100110001010100010010000000000

0110011111010000011100111000101011101110000101000001101111101101001110110010111011110110101110110011011000000101101000100000001101101000011101010101010101010000000100100000000000100000001000000000000000011111000010111101000111100010010001011111110101011010010101001000011101111111110001011000101011111010110100100111111111001100110110100100100001101101101110000100011001101101111101101011001000100000

0110010000011011000100010000111111111111000101000001000101101101010110110000111011000010101111110111110101101010100100001000001100111100101100101010100101001001001000101000010010000010010000000000100000011011110110100010100111110010011000011010110101100010000100011101010111111111001001101001100001101010110111101111011100001100010110000110010001111001101110011010101100101011111100100110000000100000

1000000001010000011100110000101111111101011111000110000111101101001110110000101011100010111101111101011101110000100000101011101011001010101001100000000100000001000000111000010000100000000000000000000000011011110111100001100110000100000001110010110100100000001000111111100001111111000001010111000011001011110011100111100100001100110001010111010010010010101110010000111101100101100101100101001000101000

0110011111011001101100101111001101010100000101100111000101110100001110110000111011110111111101111101010100101110100000101011101010001010101001100000000100100000000011101000010001000000000000000000100000011011110011110011100010000100010000100000110100111000001001011101101101111110101001001001001111011101110010110111010101011000100110000110010001111001101111011010011100001110011000100110000000100000

1010110001001000110101111010100101101110000101100111000101110100001111011000101011110111111111111011000101110001100100010000100100010100011100110000100100100101011010101000000000101100000000000001010000011001101111100011100010000100000000011110110100000011001001001101111101111111000111011001101011101011110110110011111010001100110110000010010001111001101011000101001111101111111011101110000111000100

0110011101001000100000000000100000001000100110010001101111011101011000100001001011001010011111110111110101110000111000100000100100010010011100110000100100111000000001001000100000000000010010010000000000011011110110110010000111111111110101001010100100001000001101001110011111110111110011011001100001011111110001100111101100001110100001000010101001101000001001001110011100101011011110100110000001000110

0110101011000000110100111110110111101110010110100111100101001111010110101010010011010011111101110111111101111010100011101010101011011101111100110000010110001000100110101000010011101000100000000000000000001111110110100011101010110111010011011010110001111011010000110000111111111111100001111001100001011000100111100100101111011100011101110110010001001010101010100001011000001110011000100110000000000000

0110101000010001000000000000110101111110010111001011100011101111011111010001001011011010010110110111110101101010100000100000100101011110101100100110101110000000100110101000010010100000010000010000000000111011110110110101100011011010010001001010110000100110100001011000001101111111001011010001100010001000100010110111111100111101011110001100011101001011101100011110010011110000011000100110000000100000

0110101000010001000000000001110101111100010011100111001101101010001111010000001011110111101111011111100101101010100011001000001001011100110100010001100111100100001000001000000000100000000000000100100000010011100110110011101010011110111000000010110101101011111001110100011101110101110000011101100011001000000111100111101100011100111111010011000001000010101001100001011001110111101000100100101000000000

1100011001101100000100000010110101111110010111010001100011101111011111010000111010100111011100011010110111110100110010101100010000011100110100110101110000101000010000101000010000100000100000001000000000011001111111100000001111011110000110001010110001110000000001001001101101101101001111010000100000001010100111110111111111001100001101100010000001100001000011000000010100110110010000110000000001000100

1110000011100101110001111001011101010110000110000110000111111101011110010000111010100011011100011111010101110100100000100000100000011000001100100000100100100000001110100000110100100000000000000000000000111011000111100110100011011110010001011000111101101001011001101100111101101111100011110101100111001100111110100101111100010111011111010111000001101110001100011101011011110110010000100110100000000000

1110111011100001100110101010001011101110000111100110000101101111001100110000101100000110101111011101010101000011111001100000101011000000001100100100100110000000001000001100100000100000000000000010000000111011000111100011100011111010110001011010110111000000000000111100111111011101001011010001100010111100111010111001110100010100001000100100110111001001101010011011011001110110010000100100000001000010

1010111011001111000100110000101011101100110101100111010101111001111100110001111010100010011101110101110101111000111000000000101111011100011100010101110110100010100010101100000000100001000010010000000000010010101100010110001010011110011000011000111101100001011001101100111101101111100010010011100000111100111010010111110010010000001000001111110000101001101111010111011100110011101010001000000000000100

1110111111001111101100110010110111100010100101000010000111111110001111010000100010100111010100110101011111110000111010001100111111011100101100100101110001001110000000000010000100100000000000000010000000100011110110110011100100101110111000110010110101100001011010001000110101101101001011111001110110001010111110100101110100010100001111010010010011010011101111011100001110110010011101111110001001100000

1110101011100001100110101010101111101000011101010110000111100011011100110100111010100111000110110101011111110000100000100100111111011100101100100000000001001110000000010000100000100000000000111000000000010110101110110101001111010110000001011010110101101001000001011000111011011101000000001001110111001100111110100101010100000001001000001111110000101111000001011011011110110011001001101100001000100000

1010111111100100110000011110101111100100011101010110000111111101001111010001100110100110110111011111110111110001111000101100111101011111011100110100100010000000000110101000010000100000000000100001000000010011111110000011100100101110100001011010110101100001100000101100110101011111100111011101110111001100010110110111010100111011001111101111010001111011111100000000001110100100011001100100000000100000

1010111011010001101100100010101111101101000000000010001011111111001111010100001110100100111110011011110101110101110010100000111111011100101001111010000010001110000000000010000000000000000000010000000011010101010111100010001010011100000010010010111111111001010001101100111111011101000011110100100101011001100011100101110100001011000110100101011001101111001011000011011100110101101011001100000001000100

0010111010101001011100011100101010100110000101010010011011110111101110010100101110100110010100111111011011110111010001010110111101010100101100100100110000000010001110101000010010000000110000100001000000100011100100101110001101010010001000110010110111010101011001101100110111011101001011011110100111001011111111111101100100001001011000000100010111000011111111011001011101110111110100000001110001110000

0110111111000001101100000010111111100101001001110010010011010101000110110100100100100100111111011111010001100101011010101000011011011101001000100100101010000001000000100010000000100000000000110000000000000011110011100110111010101010111000110010111100100011101000010100011111011011001011111001010110001000101110000101111100010100001101110101001101001110010011010101011110110011001000110100110001110010

0110111011100001101010100010100101100100000111110110000011111111011100110101101100100110110100011111000110100101100000000000111111011101001000101011100000100010000000001000100000100000000000110010000001100101010111100000011010010110111000011010111111000001011010011101111111111101000111011100011011001110011110100111110100000001111010100001011001000111111111011111010100110111001000010110000000010100

1010111011000001101100110000100101101100101111111111100011000101101110000100010100000111010101101101010010100101010010100000001100111101101101000011010100000010000010000010000000100000000010010000000000011110000111001010000011001110011010110110110101001101011010010001111111101111101001110100010011111100111110110111110100010011001000100001001001000010101111011111010100110011001000000110100001100111
